MQ	Gamma/MQ	Gamma/MQ(%)	sigmaHat(tW_bj)(pb)	QCDscaleUp(%)	QCDscaleUp(%)	sigmaSinglet(tW_bj)(fb)	kappaSinglet	sigmaDoublet2(tW_bj)(fb)	kappaDoublet2
700	7	1	1966.91	27.8	-19.9	67.9083716465	0.1860226901	319.1108545694	0.2738864113
700	70	10	194.915	28.2	-20.2	672.9520038777	0.5882553971	3162.2947780219	0.8661048797
700	140	20	95.2725	28.7	-20.4	1315.7288005426	0.8319187607	6182.7920732441	1.2248572673
700	210	30	62.4965	29.1	-20.6	1941.9454849196	1.0188882356	9125.4711045934	1.5001376564
800	8	1	1841.08	29	-20.6	35.4338524455	0.1607376599	159.9779681122	0.2343031311
800	80	10	179.904	29.4	-20.8	346.247408606	0.508297111	1563.2496347391	0.7409315573
800	160	20	87.0941	29.7	-21	670.4932948654	0.7188406681	3027.1660443999	1.0478354571
800	240	30	56.4893	30.1	-21.1	978.485545906	0.8803964216	4417.6999862426	1.2833311022
900	9	1	1684.9	30	-21.1	19.5598470202	0.1416540658	85.9915639953	0.2051169937
900	90	10	163.259	30.4	-21.3	189.5258510697	0.4479494876	833.2183955316	0.648636887
900	180	20	78.3608	30.7	-21.5	363.873288713	0.6334962407	1599.7074598907	0.9173110826
900	270	30	50.2774	31.1	-21.7	525.2990844066	0.7758712718	2309.3887077314	1.1234720439
1000	10	1	1514.39	31.1	-21.7	11.2543252922	0.1267073027	48.5647475127	0.1826215665
1000	100	10	146.438	31.4	-21.8	108.8267148581	0.4006836727	469.6098426608	0.5775001001
1000	200	20	69.6101	31.6	-21.9	206.9254839302	0.5666522842	892.9263745368	0.8167084738
1000	300	30	44.461	31.9	-22.1	297.3743230838	0.694004479	1283.2318724026	1.0002595147
1100	11	1	1352.91	32	-22.1	6.7434739059	0.1146660644	28.7072500671	0.1647069347
1100	110	10	129.894	32.3	-22.3	64.7446466903	0.3626059339	275.6206651005	0.52084906
1100	220	20	61.5045	32.5	-22.4	122.6257447568	0.5128022296	522.0229170454	0.7365918046
1100	330	30	39.0087	32.7	-22.5	174.9922282331	0.6280519007	744.9492243548	0.902137035
1200	12	1	1198.39	32.9	-22.6	4.1596442964	0.1047479948	17.5279958031	0.1500772055
1200	120	10	114.817	33.2	-22.7	39.8532930997	0.3312422438	167.934636815	0.4745857942
1200	240	20	54.1308	33.3	-22.8	75.1557918469	0.4684472736	316.6930415708	0.6711656667
1200	360	30	34.144	33.5	-22.9	106.663277706	0.5737283958	449.4599419486	0.8220067082
1300	13	1	1054.97	33.7	-23	2.6301486038	0.0964309083	10.9960652319	0.1378892828
1300	130	10	101.023	33.8	-23.1	25.1860718691	0.3049413071	105.2973542306	0.4360441986
1300	260	20	47.3987	34.1	-23.1	47.2679316472	0.4312521323	197.616689426	0.6166596194
1300	390	30	29.7614	34.2	-23.2	66.7784052534	0.5281738373	279.1856320224	0.7552507063
1400	14	1	928.169	34.4	-23.3	1.7057865881	0.0893522766	7.0874053776	0.1275693277
1400	140	10	88.2075	34.6	-23.4	16.2107515407	0.2825567082	67.3543621735	0.4034096353
1400	280	20	41.4053	34.7	-23.5	30.4378213085	0.3995955288	126.4666869417	0.5705073774
1400	420	30	25.9458	34.8	-23.5	42.9148117328	0.4894025746	178.307573514	0.6987259845
1500	15	1	812.985	35.2	-23.7	1.1260042634	0.0832521751	4.6552250573	0.1187123085
1500	150	10	77.4313	35.3	-23.8	10.7244259019	0.2632664934	44.3378571532	0.3754012813
1500	300	20	36.0918	35.5	-23.8	19.9952130349	0.3723150455	82.6659540936	0.5308975833
1500	450	30	22.5371	35.5	-23.8	28.092995093	0.4559909425	116.1445111218	0.6502140924
1600	16	1	709.35	36	-24.1	0.7546731194	0.0779391725	3.1074055615	0.1110236637
1600	160	10	67.4077	36	-24.1	7.1714639082	0.246465304	29.5288731754	0.3510876515
1600	320	20	31.4532	36.1	-24.1	13.3851467175	0.3485545755	55.1140331897	0.4965129184
1600	480	30	19.5453	36.1	-24.1	18.7147124398	0.4268904288	77.0587954177	0.6081016504
1700	17	1	617.265	36.6	-24.4	0.5128953944	0.0732690398	2.1048113703	0.1042837394
1700	170	10	58.6813	36.7	-24.4	4.8759233893	0.2316970477	20.0097312277	0.3297741393
1700	340	20	27.3224	36.7	-24.4	9.081048253	0.3276691072	37.266650909	0.4663710603
1700	510	30	17.0141	36.7	-24.4	12.7235598606	0.4013110586	52.2147279071	0.5711855643
1800	18	1	537.18	37.3	-24.7	0.3537411603	0.0691309705	1.4476201476	0.098325216
1800	180	10	50.9988	37.3	-24.7	3.3583481672	0.2186113235	13.7434175481	0.3109316341
1800	360	20	23.7708	37.2	-24.7	6.2613726294	0.3091630986	25.6235072082	0.4397237339
1800	540	30	14.7621	37.2	-24.6	8.7489596483	0.3786459195	35.8034961153	0.538549388
1900	19	1	465.732	37.9	-25	0.2462302625	0.0654383817	1.0052741146	0.093018283
1900	190	10	44.3084	38	-25	2.3425637414	0.2069343326	9.5638881545	0.2941496382
1900	380	20	20.6461	37.8	-25	4.3661974038	0.2926493396	17.8256936587	0.4159904077
1900	570	30	12.801	37.7	-24.9	6.0910442734	0.3584207778	24.8676546748	0.5094821184
2000	20	1	403.475	38.5	-25.3	0.1732568755	0.0621226074	0.7059265147	0.0882606109
2000	200	10	38.4156	38.5	-25.3	1.6496107132	0.1964489334	6.7212567371	0.2791045583
2000	400	20	17.8881	38.3	-25.2	3.0725435915	0.277820746	12.5189259195	0.3947134516
2000	600	30	11.1227	38.3	-25.2	4.298595511	0.3402595338	17.5144134358	0.4834232755
